    UUUUUUUUUUUUUUUUUUUUUUUUUUUU
    UUUUUUUUUUUUUUUUUUUUUUUUUUUU
    UUUUUUUUUUUUUUUUUUUUUUUUUUUU
    UUUUUUUUUUUUUUUUUUUUUUUUUUUU
    UUUUUUUUUUUUUUUUUUUUUUUUUUUU
    UUUUUUUUUUUUUUUUUUUUUUUUUUUU
    UUUUUUUUUUUUUUUUUUUUUUUUUUUU
    UUUUUUUUUUUUUUUUUUUUUUUUUUUU
    0000000000000000000000000000
    0000000000000000000000000000
    0000000000000000000000000000
    0000000000000000000000000000
    0000000000000000000000000000
    0000000000000000000000000000
    0000000000000000000000000000
    0000000000000000000000000000
    0000000000000000000000000000
    0000000000000000000000000000
    0000000000000000000000000000
    0000000000000000000000000000
    0000000000000111001100110110
    0000000000010000011111110101
    0000000000010010001100000011
    0000000000001001111101110111
    0000000000000000011001011101
    1111111111111100001101011011
    1111111111111110010110000111
    1111111111111111111111101101
    1111111111111111000000000010
    1111111111111111110010100110
    0000000000000111001100110110
    0000000000010000011111110101
    0000000000010010001100000011
    0000000000001001111101110111
    1111111111111111100110100010
    1111111111111011111100011101
    1111111111111110010110000111
    1111111111111111111111101101
    1111111111111111000000000010
    0000000000000000001101011001
    0000000000000111001100110110
    0000000000010000011111110101
    0000000000010010001100000011
    0000000000001001111101110111
    1111111111111111100110100010
    1111111111111011111100011101
    1111111111111110010110000111
    1111111111111111111111101101
    1111111111111111000000000010
    0000000000000000001101011001
    0000000000000111101101000110
    0000000000010000011111110101
    0000000000010010001100000011
    0000000000001001111101110111
    1111111111111111100110100010
    1111111111111011111100011101
    1111111111111110010101011001
    1111111111111111111111101101
    1111111111111111000000000010
    0000000000000000001101011001
    0000000000000111101101000110
    0000000000010000100111000110
    0000000000010010001100000011
    0000000000001001111101110111
    1111111111111111100110100010
    1111111111111011111100011101
    1111111111111110010101011001
    1111111111111111111111101101
    1111111111111111000000000010
    0000000000000000001101011001
    0000000000000111101101000110
    0000000000010000100111000110
    0000000000010001110010110000
    0000000000001001010000011001
    1111111111111111100110100010
    1111111111111011111100011101
    1111111111111110010101011001
    1111111111111111111111101101
    1111111111111111000100100110
    0000000000000000001101011001
    0000000000000111101101000110
    0000000000010000100111000110
    0000000000010001110010110000
    0000000000001001010000011001
    1111111111111111000000010101
    1111111111111011111100011101
    1111111111111110010101011001
    1111111111111111111111101101
    1111111111111111000100100110
    0000000000000000100001100000
    0000000000000111101101000110
    0000000000010000100111000110
    0000000000010001110010110000
    0000000000001001010000011001
    1111111111111111000000010101
    1111111111111011101011110100
    1111111111111110010101011001
    1111111111111111111111101101
    1111111111111111000100100110
    0000000000000000100001100000
    0000000000001000001100101110
    0000000000010000100111000110
    0000000000010001110010110000
    0000000000001001010000011001
    1111111111111111000000010101
    1111111111111011101011110100
    1111111111111110010011011001
    1111111111111111111111101101
    1111111111111111000100100110
    0000000000000000100001100000
    0000000000001000001100101110
    0000000000010000111010111101
    0000000000010001110010110000
    0000000000001001010000011001
    1111111111111111000000010101
    1111111111111011101011110100
    1111111111111110010011011001
    1111111111111111111111101101
    1111111111111111000100100110
    0000000000000000100001100000
    0000000000001000001100101110
    0000000000010000111010111101
    0000000000010001100111111101
    0000000000001001010000011001
    1111111111111111000000010101
    1111111111111011101011110100
    1111111111111110010011011001
    1111111111111111111111101101
    1111111111111111000100100110
    0000000000000000100001100000
    0000000000001000001100101110
    0000000000010000111010111101
    0000000000010001100111111101
    0000000000001000100010000110
    1111111111111111000000010101
    1111111111111011101011110100
    1111111111111110010011011001
    1111111111111111111111101101
    1111111111111111001001001111
    0000000000000000100001100000
    0000000000001000001100101110
    0000000000010000111010111101
    0000000000010001100111111101
    0000000000001000100010000110
    1111111111111110011010001000
    1111111111111011101011110100
    1111111111111110010011011001
    1111111111111111111111101101
    1111111111111111001001001111
    0000000000000000110101100111
    0000000000001000001100101110
    0000000000010000111010111101
    0000000000010001100111111101
    0000000000001000100010000110
    1111111111111110011010001000
    1111111111111011011011011111
    1111111111111110010011011001
    1111111111111111111111101101
    1111111111111111001001001111
    0000000000000000110101100111
    0000000000001000101011110000
    0000000000010000111010111101
    0000000000010001100111111101
    0000000000001000100010000110
    1111111111111110011010001000
    1111111111111011011011011111
    1111111111111110010010111011
    1111111111111111111111101101
    1111111111111111001001001111
    0000000000000000110101100111
    0000000000001000101011110000
    0000000000010000111111101110
    0000000000010001100111111101
    0000000000001000100010000110
    1111111111111110011010001000
    1111111111111011011011011111
    1111111111111110010010111011
    1111111111111111111111101110
    1111111111111111001001001111
    0000000000000000110101100111
    0000000000001000101011110000
    0000000000010000111111101110
    0000000000010001000001000110
    0000000000001000100010000110
    1111111111111110011010001000
    1111111111111011011011011111
    1111111111111110010010111011
    1111111111111111111111101110
    1111111111111111001001001111
    0000000000000000110101100111
    0000000000001000101011110000
    0000000000010000111111101110
    0000000000010001000001000110
    0000000000000111110010111101
    1111111111111110011010001000
    1111111111111011011011011111
    1111111111111110010010111011
    1111111111111111111111101110
    1111111111111111001101111101
    0000000000000000110101100111
    0000000000001000101011110000
    0000000000010000111111101110
    0000000000010001000001000110
    0000000000000111110010111101
    1111111111111101110011111011
    1111111111111011011011011111
    1111111111111110010010111011
    1111111111111111111111101110
    1111111111111111001101111101
    0000000000000001001001101110
    0000000000001000101011110000
    0000000000010000111111101110
    0000000000010001000001000110
    0000000000000111110010111101
    1111111111111101110011111011
    1111111111111011001011011110
    1111111111111110010010111011
    1111111111111111111111101110
    1111111111111111001101111101
    0000000000000001001001101110
    0000000000001001001010001011
    0000000000010000111111101110
    0000000000010001000001000110
    0000000000000111110010111101
    1111111111111101110011111011
    1111111111111011001011011110
    1111111111111110010010100011
    1111111111111111111111101110
    1111111111111111001101111101
    0000000000000001001001101110
    0000000000001001001010001011
    0000000000010001000011010111
    0000000000010001000001000110
    0000000000000111110010111101
    1111111111111101110011111011
    1111111111111011001011011110
    1111111111111110010010100011
    1111111111111111111111101110
    1111111111111111001101111101
    0000000000000001001001101110
    0000000000001001001010001011
    0000000000010001000011010111
    0000000000010000100011000001
    0000000000000111110010111101
    1111111111111101110011111011
    1111111111111011001011011110
    1111111111111110010010100011
    1111111111111111111111101110
    1111111111111111001101111101
    0000000000000001001001101110
    0000000000001001001010001011
    0000000000010001000011010111
    0000000000010000100011000001
    0000000000000110111111010101
    1111111111111101110011111011
    1111111111111011001011011110
    1111111111111110010010100011
    1111111111111111111111101110
    1111111111111111010011001001
    0000000000000001001001101110
    0000000000001001001010001011
    0000000000010001000011010111
    0000000000010000100011000001
    0000000000000110111111010101
    1111111111111101001111001000
    1111111111111011001011011110
    1111111111111110010010100011
    1111111111111111111111101110
    1111111111111111010011001001
    0000000000000001011101000101
    0000000000001001001010001011
    0000000000010001000011010111
    0000000000010000100011000001
    0000000000000110111111010101
    1111111111111101001111001000
    1111111111111011000001111001
    1111111111111110010010100011
    1111111111111111111111101110
    1111111111111111010011001001
    0000000000000001011101000101
    0000000000001001011100010111
    0000000000010001000011010111
    0000000000010000100011000001
    0000000000000110111111010101
    1111111111111101001111001000
    1111111111111011000001111001
    1111111111111110010001000001
    1111111111111111111111101110
    1111111111111111010011001001
    0000000000000001011101000101
    0000000000001001011100010111
    0000000000010001010010101111
    0000000000010000100011000001
    0000000000000110111111010101
    1111111111111101001111001000
    1111111111111011000001111001
    1111111111111110010001000001
    1111111111111111111111101110
    1111111111111111010011001001
    0000000000000001011101000101
    0000000000001001011100010111
    0000000000010001010010101111
    0000000000010000001010110100
    0000000000000110111111010101
    1111111111111101001111001000
    1111111111111011000001111001
    1111111111111110010001000001
    1111111111111111111111101111
    1111111111111111010011001001
    0000000000000001011101000101
    0000000000001001011100010111
    0000000000010001010010101111
    0000000000010000001010110100
    0000000000000110001110111100
    1111111111111101001111001000
    1111111111111011000001111001
    1111111111111110010001000001
    1111111111111111111111101111
    1111111111111111010111111111
    0000000000000001011101000101
    0000000000001001011100010111
    0000000000010001010010101111
    0000000000010000001010110100
    0000000000000110001110111100
    1111111111111100101001001111
    1111111111111011000001111001
    1111111111111110010001000001
    1111111111111111111111101111
    1111111111111111010111111111
    0000000000000001110001000010
    0000000000001001011100010111
    0000000000010001010010101111
    0000000000010000001010110100
    0000000000000110001110111100
    1111111111111100101001001111
    1111111111111010110101011001
    1111111111111110010001000001
    1111111111111111111111101111
    1111111111111111010111111111
    0000000000000001110001000010
    0000000000001001110100000111
    0000000000010001010010101111
    0000000000010000001010110100
    0000000000000110001110111100
    1111111111111100101001001111
    1111111111111010110101011001
    1111111111111110010000111001
    1111111111111111111111101111
    1111111111111111010111111111
    0000000000000001110001000010
    0000000000001001110100000111
    0000000000010001010010101111
    0000000000010000001010110100
    0000000000000110001110111100
    1111111111111100101001001111
    1111111111111010110101011001
    1111111111111110010000111001
    1111111111111111111111101111
    1111111111111111010111111111
    0000000000000001110001000010
    0000000000001001110100000111
    0000000000010001010011110111
    0000000000010000001010110100
    0000000000000110001110111100
    1111111111111100101001001111
    1111111111111010110101011001
    1111111111111110010000111001
    1111111111111111111111101111
    1111111111111111010111111111
    0000000000000001110001000010
    0000000000001001110100000111
    0000000000010001010011110111
    0000000000001111101001110100
    0000000000000101011010111010
    1111111111111100101001001111
    1111111111111010110101011001
    1111111111111110010000111001
    1111111111111111111111101111
    1111111111111111011101001101
    0000000000000001110001000010
    0000000000001001110100000111
    0000000000010001010011110111
    0000000000001111101001110100
    0000000000000101011010111010
    1111111111111100000101010110
    1111111111111010110101011001
    1111111111111110010000111001
    1111111111111111111111101111
    1111111111111111011101001101
    0000000000000010000011111010
    0000000000001001110100000111
    0000000000010001010011110111
    0000000000001111101001110100
    0000000000000101011010111010
    1111111111111100000101010110
    1111111111111010110101011001
    1111111111111110010000111001
    1111111111111111111111101111
    1111111111111111011101001101
    0000000000000010000011111010
    0000000000001001110100000111
    0000000000010001010011110111
    0000000000001111101001110100
    0000000000000101011010111010
    1111111111111100000101010110
    1111111111111010100110011100
    1111111111111110010000111001
    1111111111111111111111101111
    1111111111111111011101001101
    0000000000000010000011111010
    0000000000001010010000100001
    0000000000010001010011110111
    0000000000001111101001110100
    0000000000000101011010111010
    1111111111111100000101010110
    1111111111111010100110011100
    1111111111111110010000111001
    1111111111111111111111101111
    1111111111111111011101001101
    0000000000000010000011111010
    0000000000001010010000100001
    0000000000010001010011110111
    0000000000001111101001110100
    0000000000000101011010111010
    1111111111111100000101010110
    1111111111111010100110011100
    1111111111111110010000111001
    1111111111111111111111110000
    1111111111111111011101001101
    0000000000000010000011111010
    0000000000001010010000100001
    0000000000010001010011110111
    0000000000001110111110011110
    0000000000000101011010111010
    1111111111111100000101010110
    1111111111111010100110011100
    1111111111111110010000111001
    1111111111111111111111110000
    1111111111111111011101001101
    0000000000000010000011111010
    0000000000001010010000100001
    0000000000010001010011110111
    0000000000001110111110011110
    0000000000000100101001001111
    1111111111111100000101010110
    1111111111111010100110011100
    1111111111111110010000111001
    1111111111111111111111110000
    1111111111111111100010001100
    0000000000000010000011111010
    0000000000001010010000100001
    0000000000010001010011110111
    0000000000001110111110011110
    0000000000000100101001001111
    1111111111111011011111110000
    1111111111111010100110011100
    1111111111111110010000111001
    1111111111111111111111110000
    1111111111111111100010001100
    0000000000000010010111101101
    0000000000001010010000100001
    0000000000010001010011110111
    0000000000001110111110011110
    0000000000000100101001001111
    1111111111111011011111110000
    1111111111111010011011000100
    1111111111111110010000111001
    1111111111111111111111110000
    1111111111111111100010001100
    0000000000000010010111101101
    0000000000001010100110001001
    0000000000010001010011110111
    0000000000001110111110011110
    0000000000000100101001001111
    1111111111111011011111110000
    1111111111111010011011000100
    1111111111111110010000111001
    1111111111111111111111110000
    1111111111111111100010001100
    0000000000000010010111101101
    0000000000001010100110001001
    0000000000010001010011110111
    0000000000001110111110011110
    0000000000000100101001001111
    1111111111111011011111110000
    1111111111111010011011000100
    1111111111111110010001000001
    1111111111111111111111110000
    1111111111111111100010001100
    0000000000000010010111101101
    0000000000001010100110001001
    0000000000010001010010101111
    0000000000001110111110011110
    0000000000000100101001001111
    1111111111111011011111110000
    1111111111111010011011000100
    1111111111111110010001000001
    1111111111111111111111110001
    1111111111111111100010001100
    0000000000000010010111101101
    0000000000001010100110001001
    0000000000010001010010101111
    0000000000001110011010001111
    0000000000000100101001001111
    1111111111111011011111110000
    1111111111111010011011000100
    1111111111111110010001000001
    1111111111111111111111110001
    1111111111111111100010001100
    0000000000000010010111101101
    0000000000001010100110001001
    0000000000010001010010101111
    0000000000001110011010001111
    0000000000000011110100110010
    1111111111111011011111110000
    1111111111111010011011000100
    1111111111111110010001000001
    1111111111111111111111110001
    1111111111111111100111011100
    0000000000000010010111101101
    0000000000001010100110001001
    0000000000010001010010101111
    0000000000001110011010001111
    0000000000000011110100110010
    1111111111111010111100110010
    1111111111111010011011000100
    1111111111111110010001000001
    1111111111111111111111110001
    1111111111111111100111011100
    0000000000000010101010000111
    0000000000001010100110001001
    0000000000010001010010101111
    0000000000001110011010001111
    0000000000000011110100110010
    1111111111111010111100110010
    1111111111111010010010101101
    1111111111111110010001000001
    1111111111111111111111110001
    1111111111111111100111011100
    0000000000000010101010000111
    0000000000001010110110000000
    0000000000010001010010101111
    0000000000001110011010001111
    0000000000000011110100110010
    1111111111111010111100110010
    1111111111111010010010101101
    1111111111111110010001000001
    1111111111111111111111110001
    1111111111111111100111011100
    0000000000000010101010000111
    0000000000001010110110000000
    0000000000010001010010101111
    0000000000001110011010001111
    0000000000000011110100110010
    1111111111111010111100110010
    1111111111111010010010101101
    1111111111111110010010100011
    1111111111111111111111110001
    1111111111111111100111011100
    0000000000000010101010000111
    0000000000001010110110000000
    0000000000010001000011010111
    0000000000001110011010001111
    0000000000000011110100110010
    1111111111111010111100110010
    1111111111111010010010101101
    1111111111111110010010100011
    1111111111111111111111110001
    1111111111111111100111011100
    0000000000000010101010000111
    0000000000001010110110000000
    0000000000010001000011010111
    0000000000001101111110011110
    0000000000000011110100110010
    1111111111111010111100110010
    1111111111111010010010101101
    1111111111111110010010100011
    1111111111111111111111110001
    1111111111111111100111011100
    0000000000000010101010000111
    0000000000001010110110000000
    0000000000010001000011010111
    0000000000001101111110011110
    0000000000000011000001111000
    1111111111111010111100110010
    1111111111111010010010101101
    1111111111111110010010100011
    1111111111111111111111110001
    1111111111111111101100100011
    0000000000000010101010000111
    0000000000001010110110000000
    0000000000010001000011010111
    0000000000001101111110011110
    0000000000000011000001111000
    1111111111111010010111100000
    1111111111111010010010101101
    1111111111111110010010100011
    1111111111111111111111110001
    1111111111111111101100100011
    0000000000000010111101101111
    0000000000001010110110000000
    0000000000010001000011010111
    0000000000001101111110011110
    0000000000000011000001111000
    1111111111111010010111100000
    1111111111111010001000010101
    1111111111111110010010100011
    1111111111111111111111110001
    1111111111111111101100100011
    0000000000000010111101101111
    0000000000001010110110000000
    0000000000010001000011010111
    0000000000001101111110011110
    0000000000000011000001111000
    1111111111111010010111100000
    1111111111111010001000010101
    1111111111111110010010100011
    1111111111111111111111110001
    1111111111111111101100100011
    0000000000000010111101101111
    0000000000001011001001101110
    0000000000010001000011010111
    0000000000001101111110011110
    0000000000000011000001111000
    1111111111111010010111100000
    1111111111111010001000010101
    1111111111111110010010111011
    1111111111111111111111110001
    1111111111111111101100100011
    0000000000000010111101101111
    0000000000001011001001101110
    0000000000010000111111101110
    0000000000001101111110011110
    0000000000000011000001111000
    1111111111111010010111100000
    1111111111111010001000010101
    1111111111111110010010111011
    1111111111111111111111110010
    1111111111111111101100100011
    0000000000000010111101101111
    0000000000001011001001101110
    0000000000010000111111101110
    0000000000001101010000000011
    0000000000000011000001111000
    1111111111111010010111100000
    1111111111111010001000010101
    1111111111111110010010111011
    1111111111111111111111110010
    1111111111111111101100100011
    0000000000000010111101101111
    0000000000001011001001101110
    0000000000010000111111101110
    0000000000001101010000000011
    0000000000000010001101000000
    1111111111111010010111100000
    1111111111111010001000010101
    1111111111111110010010111011
    1111111111111111111111110010
    1111111111111111110001110111
    0000000000000010111101101111
    0000000000001011001001101110
    0000000000010000111111101110
    0000000000001101010000000011
    0000000000000010001101000000
    1111111111111001110101011100
    1111111111111010001000010101
    1111111111111110010010111011
    1111111111111111111111110010
    1111111111111111110001110111
    0000000000000010111101101111
    0000000000001011001001101110
    0000000000010000111111101110
    0000000000001101010000000011
    0000000000000010001101000000
    1111111111111001110101011100
    1111111111111010001000010101
    1111111111111110010010111011
    1111111111111111111111110010
    1111111111111111110001110111
    0000000000000011001111101010
    0000000000001011001001101110
    0000000000010000111111101110
    0000000000001101010000000011
    0000000000000010001101000000
    1111111111111001110101011100
    1111111111111001111010111100
    1111111111111110010010111011
    1111111111111111111111110010
    1111111111111111110001110111
    0000000000000011001111101010
    0000000000001011100011001100
    0000000000010000111111101110
    0000000000001101010000000011
    0000000000000010001101000000
    1111111111111001110101011100
    1111111111111001111010111100
    1111111111111110010011011001
    1111111111111111111111110010
    1111111111111111110001110111
    0000000000000011001111101010
    0000000000001011100011001100
    0000000000010000111111101110
    0000000000001101010000000011
    0000000000000010001101000000
    1111111111111001110101011100
    1111111111111001111010111100
    1111111111111110010011011001
    1111111111111111111111110010
    1111111111111111110001110111
    0000000000000011001111101010
    0000000000001011100011001100
    0000000000010000111010111101
    0000000000001101010000000011
    0000000000000010001101000000
    1111111111111001110101011100
    1111111111111001111010111100
    1111111111111110010011011001
    1111111111111111111111110011
    1111111111111111110001110111
    0000000000000011001111101010
    0000000000001011100011001100
    0000000000010000111010111101
    0000000000001100100000101101
    0000000000000010001101000000
    1111111111111001110101011100
    1111111111111001111010111100
    1111111111111110010011011001
    1111111111111111111111110011
    1111111111111111110001110111
    0000000000000011001111101010
    0000000000001011100011001100
    0000000000010000111010111101
    0000000000001100100000101101
    0000000000000001011000001000
    1111111111111001110101011100
    1111111111111001111010111100
    1111111111111110010011011001
    1111111111111111111111110011
    1111111111111111110111001010
    0000000000000011001111101010
    0000000000001011100011001100
    0000000000010000111010111101
    0000000000001100100000101101
    0000000000000001011000001000
    1111111111111001010011111111
    1111111111111001111010111100
    1111111111111110010011011001
    1111111111111111111111110011
    1111111111111111110111001010
    0000000000000011100001010001
