1111111111111101 
1111111111100001 
0000000010111111 
0000000111000101 
0000001010101000 
1111111010111100 
0000000110110110 
0000000100110111 
1111111001111000 
0000000111110101 
0000001001000101 
0000010101110110 
0000001100101101 
1111111101111101 
0000001001101111 
0000000000101101 
1111110010001000 
0000000101000100 
0000000101101000 
0000001001110001 
1111111111101001 
0000010010001111 
0000001010000100 
1111010100011111 
1111001110011000 
0000100101000100 
0000111010101101 
0000000011110100 
1111000101001111 
1111100010100000 
0000100001101101 
0000111111010010 
1111110110110110 
1111000110111111 
1111010100101001 
0000010011000010 
0000110000110001 
1111110000000010 
1111100101101100 
0000001010100100 
0001001000001111 
1111111011001100 
1111001111001101 
1111100001101110 
0000001110110000 
1111101000010000 
1111110110010011 
0000111000011010 
0000101110101000 
1111011010100010 
1111100101010110 
0000001100000111 
1111010110000111 
1111011000011111 
0000110110100100 
0000111111001111 
0000000011010001 
1111100111001001 
0000011101100010 
0000100010100110 
1111101111101001 
1111010000101000 
1111110101010001 
0000011101010000 
0000010110111100 
1111110001110111 
1111001101000110 
1111110011001001 
0000101110011011 
0000010101010000 
1111101010111100 
1111010000100101 
0000000000100111 
0000101001000000 
0000101000111000 
1111110001111110 
1111001000001101 
1111100111111100 
0000100110010110 
0000011010000001 
1111011001110001 
1111110110011110 
0000100000100001 
0000100000011011 
1111010111101001 
1111010100100111 
0000000011011010 
0000101110111000 
0000010110001010 
1111010010111101 
1111100101010001 
0000010000101110 
0000111011110011 
0000101100100000 
1111100100101111 
1111000100111101 
0000000010011111 
0000111001000010 
1111111100100101 
1111001000111100 
0000010000100100 
0000111000110111 
0000001000100010 
1111000001011010 
1111100100110011 
0000011101001001 
1111110100011010 
0000000111000000 
0000111000000001 
0000110100000001 
1111110000011111 
1110111111001010 
1111100110011100 
0000100100110000 
0000011111101011 
1111101000110011 
1111100010100011 
0000100001110000 
0000100000010001 
1111000001010111 
1111010101010010 
0000011110010101 
0000101101011100 
0000100010011100 
0000110001010010 
1111111001011010 
1111001100011100 
1111110001100000 
0000010100010010 
1111110010101011 
0000001001101111 
0000110001111101 
0000001101110100 
1111000010001100 
1111100101011001 
0000000111111001 
1111101000110010 
1111011111001000 
0000100101000010 
0000110011011000 
1111011111011111 
1111110000010100 
0000100100111001 
0000000011111110 
1111001101100101 
1111011000001101 
0000001001000011 
0000000111001110 
0000110011000001 
0000011101100101 
1111101010111010 
1111010000010100 
1111110011110100 
0000001100000010 
1111110010110010 
0000001101001011 
0000111110010010 
0000001100000101 
1110101101000001 
1111000101101010 
0000011001101001 
0000111110110100 
1111110010111010 
1111001010111011 
1111101000000000 
1111111001100010 
1111011000011111 
1111111100001010 
0000101100000001 
0000110001110100 
0000000011101111 
1111010111011111 
1111011110110111 
1111011101001001 
0000101010000111 
0000110110100010 
0000001010000110 
0000001100110001 
0000010001110100 
1111011001110110 
1111001001011101 
1111111001010011 
0000110101000001 
0000010101110110 
1111010101010100 
1111100001001111 
0000011110110011 
0000111101110010 
0000010010110110 
1111010110011010 
1111010110000001 
0000000110111001 
0000101001100000 
0000001100101111 
1111001101111111 
1111110100000110 
0000111010011100 
0000100100010100 
1111001000000011 
1111111100110000 
0000100101111010 
0000100000101010 
1111000101010001 
1111111000110110 
0000111011010101 
0000111110010011 
1111100101110000 
1111010000110110 
1111111001000100 
0000101010011011 
0000110100000101 
1111111010010000 
1111011011110011 
1111100100100010 
1111110011001100 
0000000011000001 
0000100010110001 
0000010101001111 
1111000010101010 
1111001111101011 
0000011110111110 
0000111100110100 
1111111100111100 
1111010001001100 
1111011011111011 
1111101110000010 
0000010101010101 
0000110001000111 
0000100011001010 
1111011110110001 
1111001010000111 
1111011011100010 
1111100100011000 
0000011111001111 
0000101100110010 
1111100010011011 
1111000101000111 
0000011000000001 
0000110001101111 
1111010100101101 
1111000010010111 
0000001101100000 
0000101011111101 
1111101000101000 
1111001000000111 
0000001101100111 
0000110110001010 
1111110010101111 
1111001010000011 
1111111110111000 
0000111010011110 
1111110111011111 
1111010100010001 
1111101111010110 
0000111010110100 
1111111010110010 
1110111011001100 
1111110010101010 
0000110011000000 
0000011001100100 
1111100001001000 
1111001100110001 
1111100110100010 
1111110110111010 
0000101001110001 
0000101000000101 
0000001101010110 
1111100111101000 
1111011001110100 
1111010001111001 
0000011011011100 
0000100000110011 
0000000110011101 
0000001100001100 
0000110100101111 
1111110001101000 
1111000101011110 
1111110110001001 
0000110110010111 
1111111100101000 
1111010100011111 
0000000000110010 
0000110110000101 
0000010011001011 
1111000010010100 
1110111101010010 
0000010101100110 
0000111110101001 
1111111100001011 
1111101000111011 
1111111011110010 
0000000110100111 
1111100010000000 
1111100111000110 
0000100101011000 
0000111010011000 
0000000000111110 
1111100101111001 
1111011101000000 
1111100011111111 
0000010100100100 
0000111100000110 
0000010110111101 
1111110001011001 
1111100000001111 
1111011010000010 
1111111100010110 
0000111111010011 
0000110010000001 
1111100001000000 
1111000010000010 
1111111101100101 
0000111110101111 
0000010010110100 
1111010111010010 
0000001110100100 
0000111110000000 
0000100001000101 
1111010111100110 
1111011100100011 
0000100010110100 
0000010110001000 
1111000101010110 
1111001000001010 
0000100101000010 
0000011000100000 
1111010100101100 
1111011010111101 
0000101011111011 
0000010010100111 
1111000100110000 
1111000011011110 
1111101101111111 
1111100111000001 
0000001010111110 
0000101010010110 
0000000110100000 
1111001001011011 
1111111110011011 
0000101000111111 
1111101010000010 
1110111011110000 
1111111110111000 
0000110010101000 
0000010011110000 
0000001101011001 
0000101001101001 
0000000110111101 
1110111110101000 
1111000100111000 
0000001100100110 
0000100000001110 
0000100101001110 
0000010000101011 
1111100010011100 
1111000100011011 
0000001000100110 
0001001100001100 
0000101011110010 
1111010011111101 
1111010101001000 
0000001101111001 
0000100000101110 
1111011100011111 
1111001001101011 
0000011000111111 
0001000001011110 
1111111111001100 
1111001010001001 
1111101100100101 
0000011111101110 
0000101011110110 
0000001100001101 
1111011110001010 
1111100001000011 
0000100000100111 
0000111110000101 
1111111000101001 
1111010000111000 
1111101111111101 
0000001111101101 
1111110100000111 
1111100101111000 
0000011100110111 
0000110000010011 
1111010110100110 
1111000110001110 
0000100111110111 
0000110100001000 
1111011101110010 
1111001000011000 
0000010010101111 
0000011100111001 
1111010110010010 
1111000000000110 
0000011011000010 
0000101000001101 
0000000001000111 
1111001101100010 
1111011100110101 
1111100101110100 
0000001111010010 
0000110110111000 
0000011000000110 
1111011100110100 
1111010101101110 
0000000000100110 
0000111011000110 
0000010111101110 
1111001011100001 
1111101010000011 
0000101001001011 
0000011010001011 
1111000000101110 
1111011110010101 
0000011011011010 
0000011100101110 
1111111011000101 
0000001110010001 
0000100111101011 
1111010100111011 
1111000001110100 
1111101010000001 
0000011000110101 
0000001111011100 
0000100111110111 
1111111110101000 
1111100000111000 
1111110100001101 
0000100101101001 
1111111100000010 
1110111010010110 
1111111101101111 
0000110110111010 
0000001000010110 
1111010001110100 
0000001000011001 
0000111001110010 
0000010000101100 
1111011000010000 
1111001110101110 
1111100001100110 
1111111101110001 
0000101110001100 
0000101000000010 
1111111010101000 
1111101111111001 
0000001110000000 
0000101111111001 
1111011000001100 
1111000110110100 
0000000110111011 
0001001011100101 
0000010110001100 
1111011001101101 
1111011010100011 
0000000101101101 
0000011111011011 
0000011001011100 
1111111010001001 
1111100101100001 
1111010001000011 
1111101110101110 
0000100101000010 
0000011101000000 
0000000101000110 
1111110000010000 
1111010111001100 
1111100001000100 
0000100100001110 
0000100101001100 
1111010100110011 
1111100010110000 
0000101010111110 
0000110001000000 
1111000101101111 
1111001110100000 
0000011001110111 
0000110001000111 
1111100010000100 
1111000100100000 
0000011100011110 
0000110101010111 
1111101001001011 
1111010110001010 
0000001111010110 
0000110011110000 
0000000101011011 
1110111011000010 
1111100100001100 
0000010111110111 
0000111010101000 
1111111100011111 
1111010101101010 
1111110110010010 
0000101100001000 
1111111001101010 
1111000101100000 
1111110010111010 
0000110110110011 
0000100101100100 
1111001110011100 
1111100011100111 
0000110111011011 
0000011111110011 
1111010101011001 
1111010001110110 
0000001101110101 
1111111111011111 
1111010111101101 
0000010111000011 
0001001110110101 
0000001011101001 
1111001010111110 
1111011000110110 
0000011000111111 
0000011111010111 
1111101111000110 
1111011011011100 
1111100001010001 
0000000001011100 
0000110000111111 
1111111111000100 
1111010001001101 
1111110101001000 
0000111100111101 
0000000100011001 
1111000111001001 
1111101100011101 
0000110010001000 
0000010001000010 
1111010111010000 
1111111100010110 
0000110000110010 
0000100111010111 
1111101110111000 
1111001100000001 
1111101001001011 
0000000100000110 
0000011100001100 
0000100011101011 
1111110101110110 
1111000001011100 
1111101101001100 
0000101100101000 
0000100111010010 
1111110001110100 
1111101001010001 
0000001001110111 
0000000100100101 
1111011011100101 
1111111000101000 
0001000111110101 
0000010110010111 
1111001100101011 
1111110001101011 
0000101100011001 
0000000011111011 
1111001111111010 
1111100010001010 
0000110100011011 
0000110001001001 
1111111101100101 
1111010110100100 
1111011101010111 
0000011010011111 
0000011110001011 
0000001111000110 
1111111100011100 
1111100001010101 
1111010111001101 
0000000000101010 
0001010000001111 
0000011011111111 
1111010000011111 
1111010000100000 
0000001001100110 
0000010110100001 
1111100011101101 
1111111101101000 
0000101001001001 
0000000110010111 
1110111100111111 
1111100100001110 
0000010000000101 
0000000001101111 
1111111101100100 
0000100000100100 
0000011000100101 
1110111110100101 
1110111110101000 
0000011011011010 
0000101010101001 
0000001011010011 
1111100011010100 
1111100000001010 
1111111000101101 
0000011001100110 
0000100111110111 
0000011011101010 
1111111011001101 
1111010010000100 
1111101000011010 
0000001110010001 
0000110111100111 
0000111111111011 
0000000100000101 
1111001101011101 
1111011111000010 
1111110010000110 
0000010000101110 
0000110110110101 
0000000101100010 
1111100111101111 
1111110100111001 
0000101000110010 
0000010101101011 
1111010010111110 
1111101000010100 
0000110000101100 
0000011111000110 
1111001111011010 
1111100000110000 
0000110110100010 
0000110110010011 
1111011001000100 
1111100001010111 
0000001100111111 
1111011011011111 
1111010000100001 
0000101001001001 
0001001111111010 
0000000001000100 
0000000101011111 
0000101001011011 
1111111010011011 
1110110100001000 
1111101010110011 
0000011100101111 
0000000101101001 
0000010011101101 
0000110011110101 
0000010010000100 
1111000100110110 
1110111010011111 
1111100101111011 
0000010010100010 
0000101100101010 
0000011000010000 
1111100111011010 
1111011111101100 
1111110100001100 
1111010011111111 
1111110000011111 
0000101100000101 
0000110011001110 
1111110111110101 
0000010010011000 
0000011100100110 
1111010111100110 
1110111000001110 
0000000101010001 
0000101100000110 
0000000101011010 
0000001111000010 
0001001011100110 
1111111100001010 
1110111110101011 
0000000100110010 
0001000000010001 
0000000000100001 
1110111101011110 
1111111101101110 
0001000000110101 
0000011001010101 
1111011011011101 
1111111010101100 
0001000001110000 
0000011110000011 
1111010111010111 
1111010110010010 
0000000010010011 
1111011101101000 
1111000010001101 
0000100000010110 
0000110000011000 
1111011110111011 
1111010010101011 
0000111001001101 
0000110011101000 
1111011000100010 
1111000000100000 
0000000110111011 
1111111011101110 
1111101000011100 
0000001110111101 
0000101011100111 
0000001100110101 
1111010101111001 
1111010001000111 
1111111000010001 
0000001111011011 
0000101100011101 
0000101100001001 
0000000101000001 
1111100000010001 
1111010011110111 
0000000000100010 
0001001001010100 
0000011010100110 
1111110001101000 
0000010001001001 
0000000000010000 
1111001100111011 
1111010011100110 
0000010011100111 
0000101110110011 
0000010111000000 
1111110000100001 
1111001100001111 
1110111101011010 
1111110100001011 
0000001001100000 
1111110101010111 
0000100010111100 
0001010001101000 
0000000111111010 
1110111001111101 
1111111011000001 
1111111110000010 
1111001000011101 
1111111110111101 
0001001010101000 
0000100001011111 
1111011011101110 
0000001111100011 
0000000101011011 
1110111000010101 
1111011000111100 
0000011101011101 
0000011100100101 
1111110111011001 
0000001010001111 
0000010010101010 
1111001111001110 
1111001011001111 
0000100010010001 
0000011101010111 
1111010011010000 
1111011010010101 
0000100101101100 
0000110011110011 
0000000101000111 
1111111010001100 
1111010111000100 
1111011111101101 
0000000100010100 
0000111000011101 
0000011011001110 
1111010101110100 
1111010011010010 
0000010010001110 
0000101001110110 
1111110100101001 
1111110000110000 
0000001111111101 
0000000000011010 
1111010110011011 
1111101110100010 
0000111011111000 
0000111111100000 
1111100001010011 
1111000100110000 
1111110000001000 
0000100100100110 
0000010100000111 
1111110110100110 
0000001010110111 
0000001110000111 
1111101111101010 
1111010111001100 
0000001011001011 
0001000100111001 
0000011101001011 
1111011110011101 
1111010011011101 
0000001010110000 
0000110001100001 
0000000100010011 
1111001100011100 
1111010001010111 
0000010010111010 
0000111001000101 
0000010110011110 
1111100101010110 
0000010001001110 
1111110001001001 
1111010000110000 
1111100011101101 
0000101001101010 
0000110011001110 
0000101000111111 
1111110111011001 
1111001001010110 
1111010110111011 
0000000011010010 
0000001000111100 
1111110100010100 
0000001000011001 
0000100001001001 
1111110001010000 
1110111110110110 
1111110011101000 
0000101110000010 
0000100010111110 
1111010000001100 
1111001110010000 
1111110000000011 
0000011011101000 
0000100111101010 
0000101001000001 
1111101001101110 
1111000010111011 
1111100111000110 
0000000100011010 
1111101000011101 
1111111011110011 
0000101010101110 
0000110100010011 
1111011010111110 
1111000000011000 
1111101101100111 
0000010110011001 
0000010111110100 
0000010111010100 
1111110101110100 
1110111110110011 
1111101101000101 
0000111011101001 
0000100011000101 
1111101000110111 
1111010110101101 
0000000101100000 
0000011100111001 
1111101111110000 
1111000010110110 
0000000001011110 
0000111001000101 
0000010001100011 
1111000100100100 
1111000100100101 
0000000010010001 
0000100010010001 
0000001101111100 
0000000001111001 
0000001000011101 
1111111001111001 
1111000011010100 
1111010100110011 
0000011100100001 
0000101001010111 
0000000011011000 
1111110010100100 
1111011101111100 
1111001101110000 
0000000100001001 
0000100110110100 
1111100010110101 
1111010000110011 
0000011010111001 
0000100101001000 
1111010100100101 
1111010011000101 
0000100010010101 
0000101011101000 
1111001001101010 
1110110011001100 
0000010001111000 
0000011111000001 
0000110111001101 
0000101001001010 
0000010011111101 
1111010001100110 
1111101011100000 
0000100100011110 
0000001100001000 
1111011101011011 
1111110101011100 
0000111011010110 
0000101111110010 
1111011000011111 
1110111000101101 
1111110100110100 
0000100101101100 
0000001011110010 
1111100100110100 
1110111110101011 
0000000010100000 
0001000000000100 
0000101111000100 
1111011001110101 
1111011000101111 
0000001011111010 
0000000010100001 
1111100101001100 
0000011001011011 
0000111111001011 
0000001011111110 
1110111001000101 
1111010010100011 
0000100001101001 
0000111010111111 
0000000000000001 
1111100001010111 
0000001111110111 
0000101101110111 
1111111011011000 
1110111101010001 
1111011101001000 
0000011110101000 
0000001010101100 
1111101110101100 
0000011011010010 
0000101011111011 
1111011000010011 
1111011111010111 
0000011110110110 
0000100111110010 
1111001010011010 
1111010010010010 
0000110001011100 
0000111111010101 
0000001100010001 
0000000100100101 
1111101011011100 
1111010010100011 
0000000010010011 
0000101100100100 
1111111111000011 
1111010100111101 
0000000111100111 
0000110101011110 
0000000011100000 
1111001001000111 
0000000010001100 
0001000010111101 
0000010010100011 
1111000000001110 
1111101001100100 
0000101110101100 
0000011001000100 
1111010010001001 
1111101001110001 
0000111010110000 
0000011110010010 
1111100100000010 
1111101110100011 
0000000010001000 
1111010111011010 
1111100101000011 
0000011010110010 
0000110101010001 
0000100000011010 
1111111001001000 
1111010100011001 
1111000111011001 
1111111010011101 
0000101011000011 
0000001101111100 
0000001000010111 
0000100010010001 
0000001000101010 
1110101101110011 
1111100101100111 
0000111100110011 
0000000001000001 
1111000001101010 
1111111101010011 
0001000111011101 
0000001110100010 
1111110000011010 
0000011100000000 
0000001101001110 
1110111101010000 
1111011011010010 
0000101001011000 
0000100001011000 
1111110111001010 
0000100111101111 
0000110101100100 
1111011000000000 
1110110110100011 
1111010111001011 
1111110111100001 
1111101011010011 
0000010100000011 
0000110111011110 
0000001110111001 
1111100111010011 
1111100101011010 
1111111000111011 
1111111111110010 
0000101011111100 
0000101010101101 
1111100010111011 
1110111001110010 
0000010000101000 
0001100100110111 
0000011000011100 
1111011100010100 
0000010001110000 
0000000100100001 
1111001110000010 
1111100001110011 
0000110001111011 
0000100000100000 
1111101111001001 
0000000000001111 
0000001101000001 
1111001000100101 
1111001001001100 
0000000111111010 
0000011110100100 
0000100011010010 
0000001010001011 
1111101001101001 
1111001010110001 
1111110001100001 
0000010000110110 
1111111110111101 
0000001100000011 
0000101111110001 
0000010100110111 
1111001010110101 
1111011000100111 
0000011010000011 
0001000010010100 
0000001111101001 
1111010000100111 
1111101011011100 
0000101100100000 
0000011100101000 
1111010000010110 
1111011010000101 
0000100011010010 
0000110111110110 
1111010110011110 
1111101011011010 
0001000000001000 
0000111001001001 
1111100111011101 
1111001101111100 
0000000110010111 
1111111001110001 
1111100010010010 
0000001100111001 
0000110101010100 
0000000001001000 
1111001100000001 
1111110010111011 
0000110100111000 
1111111000001110 
1110111010011110 
1111110011110100 
0000101101011000 
1111111001101011 
1111000101101000 
1111111011000001 
0000110001111110 
0000011001011111 
1111100101111010 
1111001000000110 
1111010011110001 
1111110111110011 
0000010111100111 
0000110010010100 
0000010110010111 
1111100101111100 
1111000000011101 
1111011111011100 
0000000110010011 
0000010111101001 
0000001000100010 
1111111110100110 
0000001001101011 
1111110110001011 
1110110111110111 
1111110010110000 
0000111110100011 
0000100110001010 
1111001100011001 
1111001100011001 
0000001100000110 
0000011011101001 
0000100000111010 
0000001100111001 
1111111001101000 
1111010111101011 
1111100000000010 
0000100001111001 
0000011101010101 
1111100011010011 
1111100110000000 
0000110100001010 
0000011100111000 
1111010100010001 
1111000001100000 
1111111001101010 
0001000110010011 
0000111001011110 
1111101101010001 
1111100000111101 
0000010001100101 
0000000001111000 
1111011111000111 
0000010110100011 
0001001101111100 
1111111010101001 
1111010010000110 
1111111001101111 
1111111001110010 
1111010101011100 
1111111011111010 
0001000001000100 
0000101011111101 
1111100001111000 
1111010010001001 
1111110000100011 
0000101100011110 
0000011110010110 
1111010101011110 
1111110101001011 
0000110110100010 
0000100101011000 
1111100001101110 
1111010101001100 
0000011000010100 
0000011110011110 
1111100000000001 
1111011110110010 
0000011000001010 
0000101100101100 
0000000010100000 
1111001000100000 
1111000000010010 
0000011001011000 
0000110111011110 
1111101110010111 
1111100011000111 
0000011011011011 
0000101100110111 
1111110000110110 
1111001101010110 
1111110100000101 
0000100000011111 
0000011010110010 
0000100101010001 
0000010001100011 
1111100010011001 
1111100111101010 
0000100110100010 
0000011000110110 
1111011001111110 
1111011000110010 
0000101011100110 
0000101011100010 
1111101010101011 
1110111000101010 
1111101101000011 
0000011111110111 
0000010111000010 
1111111001101100 
1111010111011011 
1111100011000011 
1111100110001111 
0000001101101010 
0000110000000000 
0000010000011111 
1111010000110110 
1111001000100010 
0000000100111101 
0000110011100001 
1111101110001111 
1110111110010101 
1111010010011011 
0000010010101100 
0000110110000101 
0000001011101011 
1111011001101100 
1111101000110111 
0000110100100000 
0000100100000111 
1111010001100110 
1111011000110101 
0000101100010011 
0000100111111101 
1111100001100101 
1111100010011110 
0000100111100010 
0000100111010011 
1111101110000010 
1111001100010101 
0000000111000001 
0000110011010101 
0000111101010000 
1111110100001110 
1111010100011110 
0000000010010000 
0000100111011011 
0000000101001010 
1111000000001111 
1111111110111010 
0000110011111111 
1111111101000101 
1110111000110011 
0000000100110100 
0001000011111100 
0000000111001111 
1111000110010000 
1111101010001011 
0000100101010001 
0000000000101010 
1111111111010101 
0000101001011011 
0000110100111011 
1111011010001100 
1111010001110101 
1111101011000000 
1111110101111110 
0000011000111011 
0000100010000100 
0000001101100001 
1110111101011010 
1111100111111111 
0000100011110000 
0000101111011001 
1111100100101000 
1111010110001101 
1111111010100000 
0000000011001001 
0000000101011111 
0000100000100100 
0000000001010110 
1111000111000000 
1111010011101111 
0000100001001100 
0000111010010000 
1111111101110100 
1110111101000011 
1111100010101111 
0000011001111101 
0000110011010100 
0000000011111100 
1111001101110001 
1111100001111010 
0000010110110111 
0000111101101100 
0000000101101111 
1111001101101111 
1111100111110010 
0000100010111101 
0000011001110000 
0000001100000000 
1111110111110011 
1111001100010111 
1111001001110010 
0000001101000100 
0000101101000001 
0000010110010000 
0000001100110011 
1111011001101010 
1111010010011100 
1111111001010000 
0000100010000001 
0000010000011011 
0000001111011110 
0000011101110000 
0000001010011100 
1111000010010100 
1111000001010001 
1111111101011101 
0000100010010101 
0000110101110000 
0000011101111111 
1111100000111101 
1111001001110110 
1111111110100111 
1111111011100111 
1111101001000101 
0000100010101101 
0000110101111001 
1111111011101101 
1111001000000000 
1111010100001010 
1111101011010111 
0000010010100011 
0000111011011100 
0000001101110110 
1111110010001111 
0000110000001110 
0000001100101010 
1110111111010011 
1111110101100110 
0000111011000111 
0000001111100100 
0000000000011001 
0000101110101111 
0000001111101110 
1111000101100101 
1111001101110011 
0000101000111100 
0000000101010111 
1111110000011100 
0000110010101011 
0001000111000110 
1111100100000001 
1111101001010001 
0000000110111111 
1111110101011010 
1111010110110000 
0000010101011001 
0001000110011001 
0000000101010001 
1111000110010100 
1111010100011001 
0000011010000011 
0000110110101001 
1111111010110011 
1111011111101110 
0000001000110000 
0000110000010011 
0000000010111011 
1110110110001000 
1111110111000100 
0000100011001000 
1111111101101011 
1111000110010101 
1111111110010100 
0001000100110101 
0000100111010100 
1111111110001111 
1111100101001000 
1111001110101111 
1111011011110110 
0000100000011101 
0000100000111010 
1111111011011000 
1111110111011001 
0000010010000110 
1111011110000001 
1111010011100101 
0000010000100010 
0000111110010011 
0000010110011111 
1111011011011110 
1111011111110100 
0000010101110001 
0000101000010000 
0000010110111001 
1111011001100011 
1111010001101010 
0000001110110011 
0000110000111100 
0000010000000000 
1111010011001011 
1111010110111100 
0000001110100000 
0000110111101110 
0000001010001101 
1111001101001100 
1111110100100101 
0000000101010111 
1111000001101100 
1111001111000000 
0000110001001001 
0000101101101001 
1111110101100011 
0000010111000001 
0000100110000100 
1111011011110000 
1110111001111000 
1111111000110110 
0000011101100100 
1111110101011001 
0000000111101110 
0000110100101110 
0000010010101001 
1110111100000011 
1111111001001001 
0000110001001001 
1111110101011010 
1110111100011100 
1111110000101000 
0001000000101100 
0000010110001000 
0000000001000100 
0000010100100111 
0000001110100110 
1110111110000110 
1110111111010101 
0000000110000010 
0000011100010100 
0000100111010011 
0000011000110000 
1111100101100001 
1111011110010011 
0000001010001110 
0000111001101110 
0000011001101001 
1111011100111010 
1111001011010100 
0000011101000011 
0000110000100101 
1111101001101110 
1111001110100000 
0000001010000001 
0000101010000100 
1111111111101010 
1111010001011011 
0000000100110010 
0000101111010111 
0000001000000001 
1111000110111110 
1111100110101110 
0001000011100010 
0000011011110000 
1111001001000100 
1111111010101011 
0001000001101101 
0000010100100100 
1111110001000101 
1111111011010111 
0000000011110000 
1111000101101011 
1111000101000101 
0000011000100100 
0000101111010100 
0000010011100111 
1111111011001110 
1111110100111000 
1111011001111100 
1111111000111110 
0001000101100011 
0000011011010100 
1111010100011001 
1111011101000011 
0000011101110110 
0000110000010111 
0000010100100100 
1111011111111010 
1111000100000100 
0000001000111101 
0001001100001000 
0000011100001011 
1111101010010111 
0000011001100111 
0000001110000100 
1111010100000011 
1111011101110001 
0000100101111110 
0000111001101011 
0000001100001110 
0000010111101001 
0000011110000111 
1111011000100011 
1110111111000010 
1111111101101111 
0000101011101111 
0000010001111110 
1111001111000010 
1111010011000111 
0000010010110101 
0000101110110001 
0000011011111110 
1111010010011010 
1110111001011001 
0000010011010111 
0000110010010011 
0000001101110111 
0000001110010110 
0000011001101110 
1111111101100000 
1111000100001001 
1111011000100100 
0000101010011101 
0000101101100011 
1111110001100001 
1111000100100011 
1111101110010011 
0000101000101000 
1111111000001000 
1111011110101010 
1111110110100010 
0000101000000110 
0000101101111000 
1111001111100101 
1110111111110101 
1111110110101110 
0000111000101011 
0000100010010011 
1111011000111101 
1111010001110001 
0000011011011110 
0000101110011011 
1111100011010111 
1110110111001111 
0000010001100111 
0000101111111111 
0000000011100111 
0000010111011011 
0000101010101110 
0000001100001000 
1111001001000110 
1111100000001100 
0000001001101011 
0000000010110100 
1111111000100101 
0000111011100111 
0000101011110001 
1111011100101110 
1111011111010111 
0000000111001011 
1111101010000010 
1111101000100100 
0000110110000101 
0001001111011111 
1111111110101010 
1110111110110101 
1111101111011011 
0000111000100011 
0000100100101111 
1111110011101101 
1111101001101110 
1111111110111100 
1111100100110110 
1111011111100000 
0000000000100011 
0000101110100001 
0000101111010010 
1111111001101011 
1111011111101101 
1111011000110001 
1111111001000000 
0000101010011000 
0000101101101001 
0000011010100101 
1111100011000001 
1111010110010011 
1111110111100001 
0000100010101100 
0000101001001100 
0000011001010100 
0000000011010100 
1111011110111001 
1111011011011011 
0000011101010010 
0000101110110111 
1111100001010011 
1111100100111000 
0000011011011100 
0000111010101100 
1111100001010010 
1111000101001111 
1111111011001011 
0000110010000101 
0000101001010001 
0000001011111001 
1111100111001110 
0000000100110101 
0000100011011110 
1111110111101001 
1111001111100011 
0000000110101011 
0000111111001110 
0000011110010010 
1111010100100110 
1111100001101001 
1111111110000011 
0000100101000110 
0000101000110111 
1111111110000100 
1111101001011001 
1111010001001010 
1111101011101111 
0000010101000110 
0000011101011111 
0000001001000001 
1111011100010100 
1111100000010101 
1111010001000101 
0000010100101100 
0000110100100101 
0000100000111101 
1111110100011001 
1111100100001010 
1111011110001100 
1111111011001010 
0000110000001010 
0000010101000111 
1111001111010101 
1111010100101000 
0000100011010001 
0000110100110011 
0000001010001010 
1111110110101001 
1111011111001000 
1111001100110111 
1111101101110000 
0000100000011000 
0000010111111111 
1111101111000000 
1111111010100010 
0000010010011110 
1111010101110000 
1111010000000000 
0000011101100001 
0000111101011011 
1111110100001111 
1111010000101001 
1111101100010110 
0000100011001110 
0000100010011101 
0000011011110000 
1111111101001010 
1111011010001010 
1111011010001010 
0000001110101010 
0000100000100000 
0000010101011001 
1111011100101001 
1110111111000011 
1111111011100001 
0000110000111100 
0000010000001001 
1111101111000010 
0000001010111101 
0000001010110010 
1111100110011100 
1111100011101011 
0000100011100110 
0000100010100000 
1111010110010100 
1111010101001100 
0000111001010110 
0000100010110010 
1111010110100101 
1111100010001100 
0000011011101010 
1111101010000110 
1111100000011000 
0000110001001100 
0001001111010101 
0000100000111101 
1111110010001011 
1111001000110001 
1111010111011001 
1111101111000011 
0000010000111000 
0000000101011110 
1111101000000011 
0000001100011110 
1111111000110100 
1111000011000000 
1111010110101110 
0000101100100011 
0000001001110101 
1110111000100111 
1111101110000010 
0001011000100010 
0000100100000111 
1111110011111100 
0000001011011010 
0000000110101010 
1111001001000001 
1110111111111111 
0000010100110110 
0000110111100111 
0000011001110000 
0000001001110110 
1111100001101100 
1111001001100111 
1111110000001111 
0000010110010110 
1111101011100101 
0000001110101001 
0000111110101101 
0000000011011100 
1110101110100111 
1111111110000111 
0001000100001011 
1111100111110100 
1111000100100111 
0000001000100000 
0000100111001101 
0000010010110001 
0000001000001101 
0000011100110011 
1111110100111011 
1111000000001100 
1111011000011011 
1111111100000001 
0000011111101111 
0000110001100110 
0000001100101110 
1111101101010110 
1111010011101001 
0000000101000000 
0000011001011101 
0000101000110001 
0000011011110101 
1111111001110101 
1111010101001101 
1111111000000111 
0001000010001011 
0000110001100110 
1111011111110101 
1111010001101000 
0000000110010001 
0000011000010100 
1111110011011010 
0000001000110100 
0000111000001110 
0000010010110110 
1111001111010101 
1111110000100010 
0000111001000011 
0000001001000010 
1111000101101001 
1111101011100111 
0000110001111010 
0000011011000010 
1111000011111100 
1111010000001100 
0000110101101100 
0000011011000110 
1111010001010011 
1111010001011011 
0000100001110010 
0000110001000010 
1111000111100011 
1111001000010100 
0000011000001000 
0000011001000011 
0000000001001101 
0000011001010110 
0001000000010100 
1111111011010110 
1110111110001010 
1111011011110100 
1111111111000110 
0000010000101011 
0000100100100100 
0000000100101001 
1111000011111100 
1111000001101111 
0000011011001101 
0001000111101110 
1111110110101000 
1111000001011110 
1111110100011011 
0000001100101011 
1111101001010001 
1111111000101110 
0000100001101000 
0000100000110101 
1111110000110101 
1111001100010101 
1111000010110111 
1111101000110101 
0000011000110001 
0000101010111000 
1111110100110001 
1111101110000001 
0000000010001101 
1111101111010101 
1111001101110011 
1111110110111001 
0000110100001010 
0000011001000101 
1111001000011011 
1111001101111100 
0000011011011001 
0000111001111111 
0000001000101111 
0000000101110110 
0000011001110001 
0000001001011100 
1111010001100100 
1111100011110000 
0000011010010100 
0000010111101001 
1111111101100101 
0000100011110000 
0000100110001100 
1111011100100110 
1110111101110111 
1111111001001100 
0000000110110001 
1111011111111101 
0000100100001010 
0000110000011101 
1111100111011010 
1111000101111111 
0000000000000010 
0000110010010110 
1111100011111010 
1110111111101101 
1111111110110001 
0001000110001010 
1111111111100010 
1110101011110011 
0000000000010110 
0000111000110110 
0000000111001000 
1111000000000001 
1111111110110001 
0000110000001101 
0000001010100111 
1111000000010001 
1111100110011010 
0000111110001001 
0001001111010010 
0000000111110101 
1111001100100000 
1111011101111011 
0000011100001101 
0000011001111011 
1111111001101001 
0000010000001100 
0000111001000000 
1111111100001011 
1111000100000011 
0000010111111101 
0000110100100011 
1111111101001101 
1111000101110100 
0000001001110000 
0000101100001000 
1111100100001100 
1111001001010010 
0000001001000011 
0000110011000010 
0000001110010111 
1111010110000101 
1111101100110110 
0000001010110010 
1111010000111100 
1111100011100101 
0000111000111100 
0001000100011000 
1111100100100000 
1111101101100010 
0000111110110111 
0000100010100101 
1111000111110110 
1111000101110101 
1111110000111100 
0000011001100001 
0000011101011010 
0000101000011000 
1111100101011011 
1110111101001011 
1111101111000100 
0000101001000001 
0000010011101101 
1110111100110010 
1111001111001000 
1111111001100000 
0000010000011100 
0000010001111110 
0000100010100110 
0000001000001011 
1111000110100101 
1111101001010011 
0000110011100100 
0000000000110110 
1110111101010100 
1111101011100011 
0000110100111011 
0000011010001000 
1111100101101000 
1111110000011100 
0000001110000011 
1111011011110011 
1111000011111001 
0000100010010100 
0001001100001101 
0000000111111111 
1111000100101001 
1111010010101011 
0000011010011001 
0000011101011100 
0000000011101001 
0000001001101101 
0000010001110111 
1111100101110011 
1111000110110110 
1111011000001011 
0000100100001010 
0000101010000001 
0000011010010101 
0000001111101111 
1111011100011111 
1111011011011101 
0000101010010011 
0000111011001100 
1111100101001110 
1111010000100001 
1111100101000100 
0000010110010101 
0000011000100100 
0000010011111100 
0000000110011011 
1111100110111000 
1111100010001111 
0000011011000010 
0000111111111100 
1111100111100011 
1111100011001011 
0000101101101110 
0000111100101000 
1111101101011000 
1110111001100100 
1111100100100010 
0000010101011000 
0000100100010100 
1111110110011100 
1111010110100110 
1111100110111100 
0000100110110101 
0000101110111101 
1111100000000111 
1111010011110011 
1111101001011000 
0000001110111101 
0000011110101111 
0000011100110110 
1111111000110110 
1111000101011101 
1111001101011111 
1111110110100011 
0000001111010110 
0000100000001111 
0000010110100110 
1111100110110110 
1111010100101000 
0000001101010010 
0000011001110101 
1111011101101100 
1111011100000111 
0000011110111010 
0000111011101001 
1111111001101000 
1111010000000000 
1111011111001001 
0000101000001110 
0000110110011111 
0000001000111110 
1111110110100110 
0000010110101000 
1111101110011110 
1110111011000101 
1111111000110000 
0000011101101101 
0000011011110001 
1111111000000000 
0000010000010011 
0000010101100010 
1111001011001010 
1111010001101111 
0000101010011000 
0001001000011000 
1111111100001100 
1111001000111111 
1111101010111110 
0000010000010110 
1111111010101101 
1111111011001110 
0000011111001110 
0000011100001101 
1111100110001110 
1111000110011010 
1111010100101000 
0000000000110100 
0000101010011000 
0000111001010111 
1111110111110011 
1111011000101110 
1111110010111001 
0000000100011010 
1111100010101010 
1111111111110011 
0000111110000111 
0000010101100111 
1111000100011110 
1111101100011011 
0000110110110011 
0000010101000010 
1111010001000101 
1111100101010000 
0000101100010000 
0000101111111111 
0000000011011010 
1111010101101000 
1111110101011001 
0000001110010111 
0000100011111100 
1111101111100010 
1111001000011111 
1111100101100100 
0000010010000111 
0000111111101100 
0000000001000011 
1111000111000011 
1111011010101001 
0000010001111010 
0000011011111100 
1111110110110010 
1111010001111000 
1111011010111000 
0000010011101001 
0000100010000110 
0000000011101110 
1111010110001011 
1111111101000111 
0000101100011011 
1111110010100100 
1111000010100101 
1111110000101110 
0000011000111010 
0000100100001111 
1111100111100010 
1110111111110110 
1111100011011000 
0000010100110100 
0000011001011100 
1111100100001011 
1111001010010111 
1111101101110001 
0000011111101101 
0000100101000011 
1111101100110111 
1111011100000100 
1111110111010000 
0000100011000110 
0000110000110001 
1111110110100101 
1111010001001000 
1111111111011010 
0000101111010111 
1111011110100110 
1110110101110111 
1111111111010111 
0000101111110111 
0000100000011101 
0000000110011001 
1111101100000011 
1111010011110000 
1111011111011000 
0000100011100011 
0000011001101011 
1111101001010011 
1111111011011101 
0000101101001101 
0000110011010110 
1111011110101111 
1111001110001001 
1111111010000010 
0001000010101001 
0000101101100100 
1111101111100111 
1111010000100110 
0000011100011010 
0000111000100001 
1111100011111011 
1110111110001110 
0000001111101101 
0001000110011011 
0000000010001101 
1111001010111100 
0000010010010100 
0000111000100101 
1111111111110000 
1111010100011000 
1111100101001110 
0000101100001010 
0000110010101110 
0000001000100010 
1111001111111010 
1111001111110110 
1111111011111110 
0000001111111000 
0000100000000101 
0000010110001111 
1111011010110100 
1111010101100100 
0000000000100101 
0000011101110101 
0000101010111111 
0000010111101010 
1111101100100001 
1111101000001110 
1111011110011101 
1111110111001101 
0000101101010010 
0000110000011010 
1111101111101010 
1111001001011010 
1111100001011010 
1111111001000101 
0000000100100110 
0000110000110010 
0000001100001111 
1111101000111110 
1111111000011100 
0000100111010111 
1111111011000010 
1111000001100101 
1111011010000010 
0000100101000110 
0000101001101010 
0000010011000001 
1111110001001001 
1111100011010111 
1111010100110111 
0000011000110010 
0001000110000100 
0000001100011011 
1111010000101111 
1111011010000011 
0000011010010101 
0000101100101000 
0000000111011100 
1111100101011110 
0000011011110101 
0000110010001011 
1111101101101100 
1110110100111000 
1111101100011010 
0000111000010110 
0000101101111010 
1111111110001101 
1111010100110000 
0000000000101111 
0000100100111100 
0000001011100101 
1111000100010110 
1111111000110111 
0000111000111010 
0000011011010110 
1111100000110100 
0000000100011100 
0000010000000010 
1111000101001101 
1110111111100011 
0000100100000010 
0000011011101100 
1111110111011001 
0000010111001011 
0000110100111011 
1111101000100101 
1110111011100010 
1111111010001101 
1111111011000011 
1111010100111101 
0000011001100010 
0001000110100010 
0000000100101100 
1111011100110110 
0000000000101111 
1111101010110100 
1111001000010001 
1111101111100010 
0000111010101010 
0000110011101111 
1111011000000101 
1111000010101010 
1111111110001011 
0000110011101001 
0000000111100011 
0000000100010010 
0000000101010111 
1111111100000100 
1111001101000001 
1111001101101000 
0000011011110100 
0000101100110010 
0000011100010000 
0000000000000111 
1111100011011111 
1111100010101010 
1111111001001010 
0000011010001111 
0000111101010100 
0000001110111111 
1111101001000010 
1111001100111101 
1111011111100000 
0000101100100011 
0000100101000001 
1111100001100100 
1111000100000010 
0000001101011011 
0000111010101110 
0000100110000111 
0000010100111111 
1111110011000011 
1111001000110110 
1111101010000111 
0000011010010001 
0000001110110111 
0000000111101111 
0000100100110101 
0000100011001010 
1111000110100101 
1110111001011110 
1111101001101110 
0000010110100000 
0000011010011000 
0000100100101111 
0000000111010110 
1111011100000011 
0000000010111010 
0000100111000001 
0000000000101010 
1110111110100111 
0000000100011101 
0001001101011110 
1111110100111110 
1111001001011000 
0000010011110011 
0000111100010000 
1111111101000101 
1111000011111011 
1111011100110101 
1111101011110100 
1111111110001010 
0000110111011110 
0000100111110011 
1111110101101011 
1111101010110010 
0000010100000111 
1111110101001001 
1111010010101011 
0000100110110000 
0000111111010101 
1111100000101111 
1111011001111100 
0000100110001110 
0000110010000110 
1111011010110001 
1111011001111010 
0000001101011010 
0000010100110111 
1111100011001000 
1111110101110001 
0001000110011110 
0000010011100001 
1111000101110100 
1111001000000111 
0000011000100100 
0000110110000001 
0000000010100000 
1111011111000000 
1111111001110101 
0000010000101010 
1111011011011000 
1111100110010001 
0000011100010110 
0000101000111110 
1111011001011111 
1111011110110101 
0000110000111000 
0000100001010101 
1110111111111001 
1111010100010101 
1111111001100100 
0000000000110111 
1111100011000101 
0000010101110001 
0000111110011001 
1111101111110010 
1111001000001100 
0000100000011100 
0000110011100111 
1111100001110001 
1110111000011001 
1111111110100001 
0000100001001010 
1111111101011101 
0000010100000101 
0000111000000110 
0000100011100111 
1111011000111010 
1111110000011011 
0000001101110111 
1111100111101000 
1111100110111111 
0000111101101000 
0000111000101011 
1111011001101011 
1110111111100000 
1111110101111000 
0000101111010110 
0000010100000101 
1111100011001111 
1111100000000000 
1111100001001011 
0000000000111110 
0000100110000100 
0000100111111000 
1111110101010000 
1111001001111111 
1111110000011110 
0000101100100010 
0000101111001101 
1111101010101111 
1111001101001001 
1111010100111110 
0000101011001001 
0000110101101111 
1111101011010010 
1111000001100110 
1111110010100100 
0000011100100100 
0000100100000000 
1111110101000100 
1111000011101110 
1111111010101010 
0000101000111000 
0000101100011000 
1111111110111111 
1111000001000111 
1111011100010011 
0000101000110101 
0000100111100101 
1111100110011111 
1111100100110001 
0000110001010100 
0000101101001011 
1111101110010001 
1111001010011110 
0000000010110111 
0000010110010111 
1111101001100111 
1111111111110111 
0001010111000010 
0000010111010011 
1111000010001000 
0000000100001001 
0000101101111111 
1111110010001100 
1110111000101000 
1111110011100101 
0000100100001101 
0000100001001011 
0000100010111001 
1111111100101000 
1111000100101011 
1111000100010001 
0000001001110001 
0000010100001110 
0000100001100111 
0000001011001101 
1111100101101101 
1111001010011101 
0000000110101100 
0000111000010010 
0000001110000101 
1111011011100100 
1111000110111100 
0000000111000100 
0000011101011110 
0000011000111011 
0000001111101011 
1111100100010100 
1111000010111000 
1111110110010000 
0000011011000000 
1111111001001001 
1111111011101110 
0000111101011001 
0000001011001111 
1111000010100010 
1111110000001011 
0000101010011000 
1111100110100011 
1110111000010001 
1111101111011000 
0000101110101110 
0000100111101110 
0000011101101000 
0000000000011011 
1111010110111000 
1111101011000001 
0000011011001000 
0000010110100011 
1111111110111010 
0000010011000011 
0000100101111111 
1111110010011110 
1111001010010001 
1111101100011111 
0000110011000101 
0000101001001000 
1111111000111001 
1111100001010110 
0000001001000011 
0000100110010011 
1111101010111111 
1110110001100001 
0000000011001000 
0001000111000100 
0000010101110111 
1111100100011010 
0000010000101011 
0000011001011000 
1111001100010110 
1111100111000111 
0000110110001100 
0000100000010001 
1111010001011110 
1111011101000110 
0000110000010011 
0000011111001011 
1111001010111100 
1111001101100000 
0000000011100001 
0000110010010100 
0000011100111011 
1111111010110100 
1111101101111011 
1111111111101101 
0000110111110001 
0000101011001110 
1111011101101011 
1110110011010101 
1111101110011011 
0000010110110000 
0000011010000101 
0000010001010000 
1111111100010011 
1111010011011101 
1111010111000100 
0000100000101001 
1111111010101110 
1110101111001010 
1111010111101001 
0000111001000011 
0000011111110010 
1111001101111010 
1111010001111101 
0000110101100000 
0000010111000010 
1111000111101010 
1111011010011101 
0000001001000000 
0000100100101101 
0000101101111011 
0000100111101110 
1111111101010011 
1111011110000011 
0000000101000001 
0000101101101010 
1111110001100111 
1111001011101100 
0000100010101000 
0000111111110001 
0000011001000111 
1111101011011001 
1111010011110000 
1110111110110110 
1111110000100001 
0000110101001011 
0000101111010001 
0000001111100110 
1111110100011101 
1111010011000101 
1111100001000010 
0000010011000110 
0000001000000101 
1111110010110110 
0000100101000010 
0000101001110010 
1111100010110000 
1111001010100111 
0000011000010000 
0000101010011101 
1111001000000110 
1111000000100110 
0000101101111001 
0000101111011011 
1111110001010101 
0000001010101011 
0000100101111001 
1111100001010011 
1110111111001101 
1111101001011111 
0000011010110000 
0000100000101101 
0000001010011101 
1111111110110111 
1110110111011100 
1111100000101011 
0000011111111101 
0000110010011001 
1111111010011001 
1111100101001010 
1111111011000111 
0000100000001001 
0000101101011010 
1111111011001111 
1111001010110100 
1111100000000111 
0000100011111011 
0000011010010110 
1111100000011111 
1111011001010001 
0000100100110001 
0000101000010001 
1111011110110001 
1111000010101001 
0000000110100111 
0000010101111011 
1111010111110011 
1110111110010001 
0000010110111000 
0000100111110101 
0000011001110011 
1111111011010101 
1111100110001000 
1111010100011010 
0000001011101010 
0000101101010000 
0000101011111011 
1111110110111111 
1111001101011001 
1111111111100001 
0000101000010000 
0000100110010011 
1111010011111001 
1111000010101110 
1111111010110101 
0000111010011011 
0000100001010110 
1111101010111010 
1111100101101111 
0000000011111110 
1111011110101100 
1111011000000010 
0000011000001011 
0000111101100000 
1111111111100110 
1111000110111111 
1111001011000000 
0000010000010000 
0000110101000101 
1111110011001111 
1111100101101101 
0000001100000111 
1111101010000100 
1111001010010000 
1111101011101101 
0000110000111101 
0000100110001000 
1110111000100111 
1110111111100101 
0000000101100100 
0000101110011111 
0000100011010010 
1111011001110101 
1110111101000110 
1111100111111110 
0000101100110011 
0000101101101101 
1111100100000001 
1111100111100101 
0000100110010111 
0000011101110010 
1111001100000000 
1111001101011100 
0000000001011101 
0000101110101111 
0000010000110100 
1111111110000001 
1111011100111001 
1110111111111111 
1111100101110100 
0000100111010100 
0000011000101100 
1111010001011011 
1111000011010101 
1111101111011010 
0000101110100101 
0000010000011000 
1111100000110111 
1111001000001011 
0000000011110110 
0000111000110000 
0000011100010110 
1111111001110000 
1111110000000011 
1111001101000100 
1111101111111100 
0000101100010100 
0000011111000011 
0000001110111001 
0000001110111100 
0000011010000001 
1111101001011110 
1111001100001000 
0000001011110100 
0001001010011011 
0000101100001110 
1111001001001111 
1111010101101110 
0000011100001011 
0000101100101010 
0000001010010100 
1111111001001000 
1111101000000110 
1111100011011100 
1111111100010101 
0001000010100011 
0000101111001111 
1111101110101110 
1111001000000101 
1111110100000000 
0000110001101110 
0000010100000000 
1111001110101101 
1111110001111010 
0000101111001000 
0000011011011010 
1111011001010110 
1111000111110000 
0000010011101100 
0000011010101010 
1111001001110011 
1111010110011000 
0000010010001000 
0000110011010100 
0000000101011100 
0000001100000101 
1111101100011011 
1111001001011100 
1111111001010111 
0000110010101111 
0000010100010001 
1111001111000000 
0000010011010001 
0001000111111010 
0000000111000001 
1111000010011110 
1111110001001011 
0000001011001001 
1111101100011010 
0000000000111101 
0001000101101110 
0000111001011111 
1111100111111111 
1111001010100100 
1111111111101000 
0000100111110011 
0000010110000000 
1111101001001010 
1111010110110010 
0000000011111100 
0001001010100100 
0000110001100111 
1111010111110100 
1111011000101011 
0000000000001111 
0000000000011111 
1111101100101110 
0000001011101101 
0000110110001011 
0000001000011010 
1111011101101000 
1111011010010101 
1111100101010001 
0000000101010011 
0000101111101010 
0000011111110010 
1111010010101010 
1111110100101001 
0000111110010100 
0000010101011011 
1111000000001000 
1111011000001001 
0000000110001110 
1111101110000000 
1111101100010000 
0000101111011100 
0000110110111110 
1111100011100111 
1111011100001010 
0000001011010011 
1111011111111001 
1111100011001100 
0000101001111000 
0000110110001010 
0000001110100111 
1111111111110000 
0000001011000011 
1111110011110101 
1111000011111010 
1111101110110000 
0000111011000000 
0000110110101000 
1111011100010111 
1111000010111000 
1111111110111010 
0000101011001011 
0000001000101001 
0000000000011001 
0000111010001000 
0000011111111100 
1111010111011010 
1111010101100010 
1111111110111101 
0000111010110110 
0000101110110110 
0000001111100001 
1111010101011001 
1111010111101101 
1111110011101100 
0000001100110001 
0000101100010000 
0000100100101000 
1111110010101111 
1111010110110101 
0000011001011010 
0000100110110001 
1111101100011001 
1111011100001010 
0000001101000011 
0001000101100001 
0000100100001011 
1111111110100010 
1111011010100001 
1111011110001001 
0000000001011000 
0000101000101101 
0000110101101101 
0000001000111111 
1111101010000010 
1111010110111011 
1111011001001101 
0000101001000000 
0000110111010100 
0000011111111010 
1111111101100101 
1111001011010110 
1111011011010000 
0000000101010000 
0000001010111000 
1111111000111001 
0000010000100000 
0000110001011110 
1111100000010001 
1110111001101010 
1111111011010001 
0000000110010000 
1111100101000110 
0000010001001000 
0001011000111110 
0000010001011100 
1111100101001101 
0000000000100000 
0000001100011100 
1111010011100111 
1111101000111110 
0000111010110011 
0000000111001011 
0000000000111010 
0000110010111100 
0000010001110010 
1111000000111011 
1111001001111000 
0000000111111111 
1111111010101100 
1111111010100110 
0001001000011001 
0000101100101110 
1111011001001011 
1111010010110111 
1111101000111000 
0000000111001011 
0000011011001001 
0000100101001101 
1111111000010101 
1111010001000000 
1111110011110101 
0000101100001001 
0000101011101011 
1111110100011110 
1111001111001010 
1111100011100101 
0000001000110000 
0000100110101011 
0000100101000001 
0000001100110010 
1111100100100010 
1111011010100001 
1111100110100011 
0000010101101001 
0000110000011100 
0000100000010101 
1111110000101000 
1111010111110100 
1111101101010100 
0000001100100000 
0000100101011101 
0000100100100101 
1111100001101111 
1110111001100101 
1111110111010001 
0000111100100010 
0000110011000010 
1111100001000111 
1111010110011100 
0000001000000110 
1111111010110011 
1111011110111010 
1111111010010101 
0000110100000100 
0000001010001010 
1111000001010011 
1111000100100001 
0000100001111011 
0000110111110001 
1111111110000100 
1111100011011111 
1111110100011111 
1111111111010011 
1111011101010111 
0000000100001101 
0000101010000110 
0000110100100011 
0000000010110111 
1111111100010001 
0000010001100101 
1111010001101010 
1111000100010110 
0000001111101011 
0000110101000000 
0000110011010011 
0000000010000111 
1111011101001011 
1111001001000110 
0000001011011101 
0000011110110001 
1111100011000101 
1111001111001010 
0000001101110001 
0000111110010101 
1111111001010010 
1111010011101010 
1111011101010001 
1111010101101101 
0000000001100001 
0000101101010110 
0000011111010100 
1111011100001011 
1111001000011011 
0000010100011001 
0000101000111010 
0000000110111111 
1111011111010101 
1111011100100000 
0000000100111000 
0000101110111000 
0000100010000001 
1111011010000110 
1111000111100111 
0000010010111010 
0000100111111010 
0000001101000001 
1111010111101100 
1111010111010110 
0000001101111010 
0000110111000001 
0000100100100110 
1110111101110001 
1111000001001110 
0000000011010010 
0000010101110110 
1111110001000110 
1111110011000110 
0000011100101100 
0000000100000001 
1110111001000010 
1111100011011000 
0000100101110111 
0000010010001111 
1111011111011111 
1111101001110000 
0000110100001101 
0000101100010110 
1111001000001111 
1111010011111010 
0000001110000110 
0000111010011101 
0000011001101111 
1111110010100000 
1111011111100000 
1111011001101000 
1111110101111010 
0000110111010111 
0000111100010011 
0000001010100011 
1111101000000111 
1111111010011001 
1111111110100010 
1111010100010110 
1111111001101010 
0001000010001101 
0000100101111101 
1111001010001101 
1111010001000000 
0000010000111100 
0000110110100100 
0000011101011000 
1111101110111011 
1111010001110010 
1111011001110100 
0000000111011010 
0000110101111001 
0000011100100111 
1111111110001001 
1111010101111000 
1111010001010001 
1111101000111001 
0000001001100011 
0000100001100111 
1111101001010101 
1111011101100111 
0000101100111011 
0000111111010000 
1111001101100100 
1110111110100100 
0000001101101110 
1111110011111000 
1111001110000000 
0000010000110111 
0001000110010010 
0000010111111010 
1111010111001011 
1111110100101110 
0000000011001000 
1111000011101001 
1111011111111101 
0000110100010100 
1111111011111111 
0000000011011100 
0000111100001110 
0000011110111011 
1111010011100101 
1111100110110111 
0000001110001100 
1111110010001101 
1111101101000010 
0000110111011110 
0000110110101111 
1111011100111101 
1111010000111101 
0000100010110100 
0000100110100110 
1111011010001001 
1111010010000001 
0000010110101111 
0000101011000101 
1111010111101110 
1111010011000000 
0000011111011101 
0000101010001101 
0000000010101101 
1111011011011100 
0000010101000111 
0000000011110000 
1111010100111100 
1111101001100000 
0000111001011110 
0000010101010000 
1111010010111000 
1111101001111101 
0000110001011010 
0000011100000000 
1111001001011100 
1111010101001110 
0000011011111101 
0000111011100101 
0000010000001111 
0000010100101100 
0000100110101111 
0000100000110110 
0000011011010101 
